352.3527160724286 89.67904477452737
169.55844155844142 76.50649350649348
88.63368356489502 166.86510306941523
264.44637190325074 88.60701618709834
255.87014320381877 123.98395957225534
192.62045654550786 149.7126456705513
80.05745486546306 92.89513053681435
392.0177738073015 239.76304701458707
270.87854342782475 285.86027627403405
244.07782874209977 349.10996293234496
356.6408304221445 346.9659057574869
372.72125923357953 437.0163071015227
387.7296594575855 565.6597375930025
442.4031174164644 460.60093602496073
206.55682818208481 475.60933624896666
418.8184884930265 700.7353396090563
365.21705912157654 664.2863676364703
469.2038321021894 652.4940531747513
154.02742739806394 718.9598255953492
112.21831248833303 554.9394517187125
99.35396943918505 437.0163071015227
